1624530806.400422
time: 0.11986851692199707
rpm: 500.54844708760555
speed: 14.416184035416945
distance: 1571.7221238550815


1624530807.5572748
time: 1.1568539142608643
rpm: 51.86480268628829
speed: 1.4937465990285226
distance: 162.85548043494524


1624530807.6591983
time: 0.10191535949707031
rpm: 588.7238223569705
speed: 16.955703326049445
distance: 1848.5928022008873


1624530808.7815084
time: 1.1222922801971436
rpm: 53.4620090137841
speed: 1.5397473817573162
distance: 167.87070830328207


1624530808.9057508
time: 0.12422728538513184
rpm: 482.98568075432735
speed: 13.910362724603347
distance: 1516.575037568588


1624530809.9282472
time: 1.0224883556365967
rpm: 58.68037486123181
speed: 1.6900403710946186
distance: 184.2563770642679


1624530811.393043
time: 1.4648535251617432
rpm: 40.95972666849066
speed: 1.1796719401069102
distance: 128.61354173906068


1624530811.5235968
time: 0.1308581829071045
rpm: 458.5116396014277
speed: 13.205491331227876
distance: 1439.726548348483


1624530812.5825298
time: 1.0585579872131348
rpm: 56.68088165671677
speed: 1.6324534138648632
distance: 177.97796840209068


1624530813.4394681
time: 0.8569321632385254
rpm: 70.0172108994573
speed: 2.0165500539381687
distance: 219.8540422242959


1624530813.5462365
time: 0.10681939125061035
rpm: 561.6957679456648
speed: 16.177274367214917
distance: 1763.7247113493875


1624530814.5003216
time: 0.9540219306945801
rpm: 62.891635998678474
speed: 1.8113279625992327
distance: 197.4797370358504


1624530814.6044278
time: 0.10408902168273926
rpm: 576.4296659726374
speed: 16.601622073719195
distance: 1809.9891511540816


1624530815.5195913
time: 0.915163516998291
rpm: 65.562054087119
speed: 1.8882380775710348
distance: 205.86484983355365


1624530815.6403527
time: 0.1206977367401123
rpm: 497.10956991010244
speed: 14.317141701843582
distance: 1560.9240495177216






##########################elapse_data
[1624533195.627724, 0.10790181159973145, 0.10186147689819336, 0.10170459747314453, 0.13571572303771973, 0.21419548988342285, 0.1125795841217041, 0.17092037200927734, 0.8795838356018066, 0.2877216339111328, 0.1036989688873291, 0.21573328971862793, 0.29693055152893066, 0.11457610130310059, 0.1152184009552002, 0.10039591789245605, 0.5256600379943848, 0.2265453338623047, 0.9017415046691895, 0.10695147514343262, 0.1754167079925537, 0.23882079124450684, 0.3491058349609375, 0.16272974014282227, 0.15974783897399902, 0.09685802459716797, 0.1001436710357666, 0.17493081092834473, 0.10596752166748047, 0.10713529586791992, 0.10220503807067871, 0.10005021095275879, 0.10093498229980469, 0.11172008514404297, 0.1660783290863037, 0.15530061721801758, 0.10086703300476074, 0.10083174705505371, 0.13246870040893555]

###########################rpm_data
[3.693368665010002e-08, 556.0610995353236, 589.0352449922526, 589.9438323409443, 442.10058095718273, 280.11794287851416, 532.9563123553293, 351.04065884401, 68.21407758016416, 208.53489250840246, 578.5978457046293, 278.1211934340571, 202.06745210640292, 523.6694155029372, 520.7501536436832, 597.6338606144515, 114.14221295749505, 264.84765312565776, 66.53791545506319, 561.0020798641066, 342.0426747636089, 251.23440755445563, 171.86765155819748, 368.7094930978202, 375.59193529851603, 619.4633872571704, 599.1392104906043, 342.9927505714087, 566.2112226072087, 560.0395230528889, 587.0552091425052, 599.6988854759187, 594.442071845651, 537.056518732874, 361.27531105410264, 386.34746644805324, 594.8425190336283, 595.0506834642094, 452.9371830083476]

###########################speed_data
[1.063718860686179e-09, 16.01499154073796, 16.96467253981715, 16.99084056112898, 12.732840096351406, 8.067614313170177, 15.34955572523608, 10.110243616285857, 1.964618413908982, 6.005966866341839, 16.66406733395349, 8.010106378361078, 5.819699559718874, 15.082085883063964, 14.998008874224075, 17.212319347994615, 3.287384383627921, 7.627818108362871, 1.9163436428868235, 16.157295611701635, 9.851094686336003, 7.23574606295819, 4.9499218487521315, 10.619119765590195, 10.817339446333678, 17.841026669570613, 17.255674593582885, 9.878457607492848, 16.307322968470505, 16.12957322795277, 16.907645969516587, 17.271793667840846, 17.120393352497214, 15.467644853402991, 10.405009548849742, 11.127107096902874, 17.131926542524944, 17.137921839800057, 13.044942651852546]



